0000000000
0000000000
1100110000
1000110000
1100101000
0000010000
1000101000
1000110000
1000101000
1000110000
0101110000
1000111000
1000110000
1100111000
0101110000
1000110000
1000111000
0000000000
1100111000
0000000000
1100110000
1000101000
1000110000
0100001000
1000110000
1000101000
1100110000
1000110000
0100110000
1000110000
1000111000
0100110000
1000000000
0100011000
1000100000
1000111000
0101110000
1000110000
1000101000
0101110000
1000110000
1000110000
0000001000
1100110000
1000111000
1000110000
1000110000
1000110000
1100110000
1000101000
1100110000
0000110000
1101110000
1000101000
1000110000
1000111000
1000110000
1000110000
1000111000
0000000000
1100110000
0000001000
1100010000
0000101000
1100110000
1000110000
1000111000
1000110000
0100110000
1000111000
0100110000
1001101000
1000110000
0100110000
1000111000
1000110000
1000101000
1100101000
1000110000
0000001000
1000010000
0100111000
1000101000
0100010000
1000111000
0000000000
1100110000
0100111000
1000110000
1000111000
1001110000
0100001000
1000110000
0100001000
1001110000
1000110000
0100110000
0101110000
1000110000
0100000000
1000011000
0101110000
1000111000
0000000000
1000111000
1100110000
1001110000
0100110000
0000000000
1100110000
1001101000
1000110000
0100110000
1000111000
1000110000
1000111000
0000000000
1000111000
0100110000
1000000000
1000110000
1000110000
0100001000
1000111000
1000110000
0100110000
1000100000
0000011000
1000100000
0000000000
1000110000
1000100000
0000000000
0000000000
0000000000
0000000000
0000000000
0000000000
0000000000
0000000000
0000000000
0000000000
0000000000
0000000000
0000000000
0000000000
0000000000
0000000000
0000000000
0000000000
0000000000
0000000000
0000000000
0000000000
0000000000
0000000000
0000000000
0000000000
0000000000
0000000000
0000000000
0000000000
0000000000
0000000000
0000000000
0000000000
0000000000
0000000000
0000000000
0000000000
0000000000
0000000000
0000000000
0000000000
0000000000
0000000000
0000000000
0000000000
0000000000
0000000000
0000000000
0000000000
0000000000
0000000000
0000000000
0000000000
0000000000
0000000000
0000000000
0000000000
0000000000
0000000000
0000000000
0000000000
0000000000
0000000000
0000000000
0000000000
0000000000
0000000000
0000000000
0000000000
0000000000
0000000000
0000000000
0000000000
0000000000
0000000000
0000000000
0000000000
0000000000
0010110101
1000111101
1010000000
1010110101
1011100101
1000111000
0010110100
1010011101
0010110100
0010001001
0010110100
0010110100
0010110100
0010110100
0010110100
0010110101
0010111101
1010100101
0010110100
0010001101
0010100100
0010110100
1010111100
0010110101
0010110101
0000001101
0010100100
0010110100
0010110100
1000111000
0010110100
1010011101
0011010001
1011110100
1010110100
1010011101
1010110100
0010111100
0010110100
0010110101
0010110101
1000101100
0010110101
1000100100
1000100100
0010110100
1010111100
1010110100
1010110101
0010110100
1010100100
1000100100
0010110100
0010110100
1011110100
0010110100
0010110100
0000001101
0010110101
0010111101
0010110101
1010100101
1010100100
1011011000
1010100101
1000111101
1010111100
1000110101
0010110100
0010110100
0010110100
1000100100
1010111100
1010011101
1000100100
1010110000
0010110100
1010111100
0010110100
0010110101
0010110101
0010110100
1010100101
1010110101
0010110100
0010110100
1000111101
0010110100
1000110100
1010110100
1010111100
1010111100
1000010000
1000011001
1010011001
1000100100
1010100100
0010110101
1010011001
0011001001
1001011001
0010001001
1010000101
1011011101
1010100101
1000111100
0010010100
1000010000
0010110100
1011111000
0010011100
1010111100
0010110100
0011110100
1011110101
1010101101
1010111101
1011011001
1011110101
0011010001
0010001100
0010011101
0000011000
0000000110
0010011000
0000011111
0000111000
0000110110
0000111010
1100011010
1000100000
0000000100
0000011010
0000110100
0000001000
0000001000
0000000000
1000100010
0000100000
1000001000
0000110000
0000000100
0000000000
0000000000
0000000000
0000000000
0000000000
0000000000
0000000000
0000000000
0000000000
0000000000
0000000000
0000000000
0000000000
0000000000
0000000000
0000000000
0000000000
0000000000
0000000000
0000000000
0000000000
0000000000
0000000000
0000000000
0000000000
0000000000
0000000000
0000000000
0000000000
0000000000
0000000000
0000000000
0000000000
0000000000
0000000000
0000000000
0000000000
0000000000
0000000000
0000000000
0000000000
0000000000
0000000000
0000000000
0000000000
0000000000
0000000000
0000000000
0000000000
0000000000
0000000000
0000000000
0000000000
0000000000
0000000000
0000000000
0000000000
0000000000
0000000000
0000000000
0000000000
0000000000
0000000000
0000000000
0000000000
0000000000
0000000000
0000000000
0100011000
0100111110
1000011000
1000110000
1000011000
1001111000
1000010100
1000110000
1000010000
1000111000
0100011000
0100111000
0100110100
0100011010
1010100100
0000110000
1000101100
1010011000
0000101000
1000110000
1000111000
1001111000
1000101000
0000110000
0000011100
1101110000
0000111100
1000110000
1000010000
0000011000
1100010000
0000111000
1100110000
1000011000
0101110000
1101111000
1000110100
1000011000
0000111000
1000010000
0100011110
0000110000
1000110000
1100110000
0000110000
1100110000
1000011100
1000111000
0000011000
1101110000
1000110000
0111111100
0000011000
1100111100
1000011000
1000110000
1000110100
1000011000
1001111000
1000100000
1000110100
0000001000
1000110000
1000111000
0100111000
1001011000
1000011000
1000110000
1000011000
0100110000
1000111000
1000010000
0000001000
1000110000
1000011000
1000101000
0000110000
1000111000
1000110000
0001111000
0100110100
1000010000
1001111000
0000011000
1000011000
0000011000
0000010000
1000010000
1000100010
0000011000
1000000000
0000011000
0000010000
1100101000
1000011000
1000001000
1000010000
0100000000
1000101000
0100011000
0000000000
1000011000
1100110000
0000000000
0000100000
1000011000
0000000000
0000010000
1000000000
1000100000
0000000000
1000100000
0000000000
1000100000
0000000000
0000100100
0000100000
1000100100
0010000000
1000000000
1000100000
0010000000
1000000000
0000000000
0000000001
1001000000
1001010000
0000000001
1001010001
1001000000
0010000000
1001001000
0000000001
1001001000
1000011000
0001000001
1000001000
0000000000
0000100000
1000000000
0000000000
0000000000
0000000000
0000000000
1000101000
0000000000
0000000000
0000000000
0000000000
1000001000
0000000000
0000000000
0000000000
0000000000
0000000000
1000101000
0000000000
0000000000
0000000000
0000000000
0000000000
0000000000
0000000000
0000000000
0000000000
0000000000
0000000000
0000000000
0000000000
0000000000
0000000000
0000000000
0000000000
0000000000
0000000000
0000000000
0000000000
0000000000
0000000000
0000000000
0000000000
0000000000
0000000000
0000000000
0000000000
0000000000
0000000000
0000000000
0000000000
0000000000
0000000000
0000000000
0000000000
0000000000
0000000000
0000000000
0000000000
0000000000
0000000000
0000000000
0000000000
0000000000
0000000000
0000000000
0000000000
0000000000
0000000000
0000000000
0000000000
0000000000
0000010011
0000000010
0000110011
0000100011
0000010100
0000010011
0000000011
0000110011
0000110010
0000000010
0000110110
0000010000
0000010011
0000110110
0010100110
0000010011
0000110110
0000100011
0000110010
0000010010
0000010011
0000110011
0000010100
0000010011
0000110010
0000100100
0000110011
0000110011
0000010010
0000010001
0000100011
0000110110
0000110111
0000110111
0000010010
0000000101
0000110110
0000010001
0000110110
0000010011
0000010000
0000010011
0000010101
0000110110
0000010111
0010110010
0000010011
0000110010
0000110011
0000110011
0000100001
0000110010
0000010011
0000100010
0000110011
0000000000
0000101011
0000000010
0000000010
0000110011
0000100010
1000000010
0000000011
0000100010
0000100011
0000000010
0000100011
1000010010
0000110011
0000100011
0000010010
0000100010
1000000011
0000101011
1000100010
0000000011
1000100010
0000110011
0000110010
0000100010
0000000011
0000110010
0000110011
1000000010
0000100011
0000100011
0000111011
0000110010
0000110010
0000100000
0000110011
0000110011
0000110010
0000010011
0000000011
0000100000
0000100010
0000110011
0000000010
1000100010
0000100011
1000100011
1000000011
0000110010
0000000010
1000100010
1000000011
1000000010
0000010010
0000000010
0000110010
1000000011
0000010011
0000000010
1000010011
0000100010
0000000000
0000110010
0000000010
0000010001
0100110010
0000000000
0100110010
0000000010
0010100010
0000000010
0000100010
0000000010
0000000010
0000100010
0000000010
0000000010
0000000010
0000100000
1000000000
0000100010
0000000000
0000000000
0010000000
0000000000
0000000000
0000000000
0010000000
0000000000
0000000000
0000000010
0000010000
0000000000
1000000000
0000000010
1000000001
0000000000
0000000000
0000000000
0000000000
0000000000
0000000000
0000000000
0000000000
0000000000
0000000000
0000000000
0000000000
0000000000
0000000000
0000000000
0000000000
0000000000
0000000000
0000000000
0000000000
0000000000
0000000000
0000000000
0000000000
0000000000
0000000000
0000000000
0000000000
0000000000
0000000000
0000000000
0000000000
0000000000
0000000000
0000000000
0000000000
0000000000
0000000000
0000000000
0000000000
0000000000
0000000000
0000000000
0000000000
0000000000
0000000000
0000000000
0000000000
0000000000
0000000000
0000000000
0000000000
0000000000
0000000000
0000000000
0000000000
0000000000
0000000000
0000000000
0000100100
0000000000
1000001100
0000000000
0000000000
1000000010
0000100010
1000100100
1010000000
0000000000
0010110100
1000000000
0010100100
0010110000
0010110110
0000100000
0010000110
0000100010
0000111011
0000100100
0000110000
0010001101
0000110000
0010110010
0000001011
0000100010
0010100100
0000110010
0000110011
0000011011
0000110000
0000100010
0000110100
0010100000
0000110110
1000000000
0010110111
0000100000
0000110010
0000110011
0010110010
0000100000
0000100010
1000100000
0000110010
0010110100
0000110011
0010110100
0000000000
0110111011
0000110000
0100011011
0010110010
0000001101
0000100010
0000100010
0000110000
0010110010
0000000010
1000110000
0000100000
0010010000
0000110010
0010110110
0100000001
0010111101
0000001010
0010100101
0000110011
0010101100
0000100010
0000010011
0000110010
0000110010
0000000010
0010110100
0010100010
0000000010
0000100010
0010110010
0000100010
0010110110
0000100000
0010110000
0000100000
0000000010
0000100000
0000100010
0000110000
0000110000
0000110000
0010000101
0000100000
0010100110
0000110010
0000110010
0000000000
0000000010
0010110010
0000000010
0010100010
0000100000
0000000010
0000100010
0010110000
0010110110
0000110100
0000000011
1000110011
0000001101
0000100010
0000110010
0000000010
0010100000
0000100000
0000100010
0000110000
0010110010
0000110010
0010110100
0000110101
0000100000
0000001011
0000100010
0010100010
0010110100
0000001101
0010110000
0000001101
0000100000
0000111101
0000000000
1000111001
0000000000
1000111101
0010100110
0000010000
0000111001
0000000000
0000000000
0000000000
0000000000
0000000000
0000000000
0000000000
0000000000
1000000001
0000000000
0000000000
0000000000
0000000000
0000000000
0000000000
0000000000
0000000000
0000000000
0000000000
0000000000
0000000000
0000000000
0000000000
0000000000
0000000000
0000000000
0000000000
0000000000
0000000000
0000000000
0000000000
0000000000
0000000000
0000000000
0000000000
0000000000
0000000000
0000000000
0000000000
0000000000
0000000000
0000000000
0000000000
0000000000
0000000000
0000000000
0000000000
0000000000
0000000000
0000000000
0000000000
0000000000
0000000000
0000000000
0000000000
0000000000
0000000000
0000000000
0000000000
0000000000
0000000000
0000000000
0000000000
0000000000
0000000000
0000000000
0000000000
0000000000
0000000000
0000000000
0000000000
0000000000
0010110100
1000110010
0111110010
0010110000
1000011010
0100111010
1001010000
1100111010
0010110100
0001001010
0111110010
0100011000
0011110010
0000110010
0110110100
0111110110
0000010000
1111110010
1100110010
0000010010
1010110000
0100110110
1100110010
0000010010
1010110110
1000110010
1100010000
0111110110
0000110100
1111111010
0111110000
1000111010
0111110100
0111110100
1000010010
0010110010
0111110000
1000100110
0000110010
0010110010
1100110110
1000110010
0100011010
0010110010
1110110100
0000010010
1110110000
0001001000
0100110010
1010110010
0000100110
1010110000
1000010010
0000111010
0010110100
0101000000
0001110010
1111111100
1000110010
1011010000
0010110000
1000111010
1000110010
0111010010
0101111000
1010111100
0110110100
1001010010
0111110100
0001011000
1001011000
0100110100
1000010010
1101111000
1001011000
1001111000
1000111000
1000011001
1000110101
1010111100
0001010000
1010111100
0101111000
1101110100
1000110000
0111110100
1000011010
1101111000
1000010000
1001010000
1000111010
1000011000
0101110000
0001110100
0110111000
1001010000
1111111000
1101111000
1001011000
1000111100
0001010001
1111111000
1001011000
1000110000
1000011010
0100111100
1000010010
1000011000
0001010010
1001011001
1010111100
0011110000
0100010000
0000111100
1000011010
1001011010
0001110000
0101110000
0100011100
1000011000
1000100110
1000010000
0011111000
1011110000
1001110010
1111111000
0000111010
1001110000
0111011010
1001110010
0000000000
1011110000
1000100000
0000000000
1001011000
0000100000
0000000000
1000100000
0000110000
0000000000
1000100100
0000000000
0000000000
0000000000
0000000000
0000000000
0000000000
0000000000
0000000000
0000000000
0000000000
0000000000
0000000000
0000000000
0000000000
0000000000
0000000000
0000000000
0000000000
0000000000
0000000000
0000000000
0000000000
0000000000
0000000000
0000000000
0000000000
0000000000
0000000000
0000000000
0000000000
0000000000
0000000000
0000000000
0000000000
0000000000
0000000000
0000000000
0000000000
0000000000
0000000000
0000000000
0000000000
0000000000
0000000000
0000000000
0000000000
0000000000
0000000000
0000000000
0000000000
0000000000
0000000000
0000000000
0000000000
0000000000
0000000000
0000000000
0000000000
0000000000
0000000000
0000000000
0000000000
0000000000
0000000000
0000000000
0000000000
0000000000
0000000000
0000000000
0000000000
1000000000
0010000100
1000100100
1010000001
0010000000
0000000000
1000000000
0010000000
0000000001
1000000100
0000100100
1010100100
1000100100
1000000000
0010100100
0010000000
1000100100
0000100100
0010100100
0000100100
0000000000
1010000001
0000000000
0000100100
0000000000
0010000100
0000100000
0010000000
0000000000
0000000100
0010100100
0000100100
0000000000
1000001001
0000000000
1000001001
0000000000
0000100000
0000000000
0000011011
1000000100
0000100010
0000000000
0000110001
1000000010
0000100010
0000000000
0000100010
0000000000
0000110010
0000000010
0000000010
0000100010
0000000000
0000000010
0000100010
0000000010
0000100000
0000010010
0000100000
0000000010
0000000000
1000010010
0000000000
0000001011
1000000000
0000000000
0000000010
0010010001
0000000010
1000000000
0000000000
0000000000
0000000000
0000000000
0000000000
0000000000
0000000000
0000000000
0000000000
0000000000
0000000000
0000000000
0000000000
0000000000
0000000000
0000000000
0000000000
0000000000
0000000000
0000000000
0000000000
0000000000
0000000000
0000000000
0000000000
0000000000
0000000000
0000000000
0000000000
0000000000
0000000000
0000000000
0000000000
0000000000
0000000000
0000000000
0000000000
0000000000
0000000000
0000000000
0000000000
0000000000
0000000000
0000000000
0000000000
0000000000
0000000000
0000000000
0000000000
0000000000
0000000000
0000000000
0000000000
0000000000
0000000000
0000000000
0000000000
0000000000
0000000000
0000000000
0000000000
0000000000
0000000000
0000000000
0000000000
0000000000
0000000000
0000000000
0000000000
0000000000
0000000000
0000000000
0000000000
0000000000
0000000000
0000000000
0000000000
0000000000
0000000000
0000000000
0000000000
0000000000
0000000000
0000000000
0000000000
0000000000
0000000000
0000000000
0000000000
0000000000
0000000000
0000000000
0000000000
0000000000
0000000000
0000000000
0000000000
0000000000
0000000000
0000000000
0000000000
0000000000
0000000000
0000000000
0000000000
0000000000
0000000000
0000000000
0000000000
0000000000
0000000000
0000000000
0000000000
0000000000
0000000000
0000000000
0000000000
0000000000
0000000000
0000000000
0000000000
0000000000
0000000000
0000000000
0000000000
0000000000
0000000000
0000000000
0000000000
0000000000
0000000000
0000000000
0000000000
0000000000
0000000000
0000000000
0000000000
0000000000
1010000000
0010000000
0000000000
1000000000
0000000000
0010000100
1000000001
0000000000
0010000000
0000000000
0000000000
1010000000
0000000000
0000000000
0000000000
0000001000
0000000000
0000001000
0000010000
0010000000
0000000000
0000001000
0000000000
0010000000
1010000000
0000000000
0000000000
1010000000
0000000000
0000000000
0000000000
1000000000
0010000000
0000000000
0000000000
1010000000
0000000000
0000000000
0000000000
1000000000
0000000000
0010000000
1000000000
0000000000
0000000000
1010000000
0000000000
0010000000
0000001000
1000000000
0000000000
1000001000
0000000010
1000011001
0000000000
0000000000
0000000000
1000011000
0000000000
0000000010
0000000000
0000000000
0000000000
0000000000
0000000000
0000000000
0000000000
0000000000
0000000000
0000000000
0000000000
0000000000
0000000000
0000000000
0000000000
0000000000
0000000000
0000000000
0000000000
0000000000
0000000000
0000000000
0000000000
0000000000
0000000000
0000000000
0000000000
0000000000
0000000000
0000000000
0000000000
0000000000
0000000000
0000000000
0000000000
0000000000
0000000000
0000000000
0000000000
0000000000
0000000000
0000000000
0000000000
0000000000
0000000000
0000000000
0000000000
0000000000
0000000000
0000000000
0000000000
0000000000
0000000000
0000000000
0000000000
0000000000
0000000000
0000000000
0000000000
0000000000
0000000000
0000000000
0000000000
0000000000
0000000000
0000000000
0000000000
0000000000
0000000000
0000000000
0000000000
0000000000
0000000000
0000000000
0000000000
0000000000
0000000000
0000000000
0000000000
0000000000
0000000000
0000000000
0000000000
0000000000
0000000000
0000000000
0000000000
0000000000
0000000000
0000000000
0000000000
0000000000
0000000000
0000000000
0000000000
0000000000
0000000000
0000000000
0000000000
0000000000
0000000000
0000000000
0000000000
0000000000
0000000000
0000000000
0000000000
0000000000
0000000000
0000000000
0000000000
0000000000
0000000000
0000000000
0000000000
0000000000
0000000000
0000000000
0000000000
0000000000
0000000000
0000000000
0000000000
0000000000
0000000000
0000000000
0000000000
0000000000
0000000000
0000000000
0000000000
0000000000
0000000000
0000000000
0000000000
0000000000
0000000000
0000000000
0000000000
0000000000
0000000000
0000000000
0000000000
0000000000
0000000000
0000000000
0000000000
0000000000
0000000000
0000000000
1010100100
1010011100
1010111100
0000110100
1010111100
1010100100
1000111100
0010001101
1010100100
0010110100
0010011100
1010110000
1011011101
1000110001
1010000100
0010111100
1010010001
1010110101
1001111000
0000110100
1010100000
1010110100
1010100100
1000100100
1010001000
0000010100
0000000100
1010001001
1000001001
0000000000
1010100101
1000001001
1010000000
1010000101
1000100100
0010000000
1000000001
0010000100
1000001001
0010000100
1000000001
0000001000
0000000000
0000000101
0000001000
1000100101
0000000000
0000001101
0000000000
0000101101
1010001001
1010000000
0010100001
0011010000
0000100000
0000000000
0000000101
0010111000
0000000001
0000011011
0010110100
0000000000
0010110000
0010100100
0000100000
1000010000
0000000000
0000001001
1000100100
0010000101
0011111101
0000000000
0000101101
0010110000
1011010100
0000000001
0000101100
1000100101
0010110100
0010110001
0010000101
0001110000
0010110100
0000000000
0000100000
0010110100
0000001101
0110110001
0000000000
0000001100
0010101101
0000110000
0000000000
1000100100
0010101101
0000110100
0010100000
0000100100
0010001101
1010110000
0000100100
0010110100
0000110001
0010111100
0000001101
1010110000
0000001101
0010110000
0000000000
0000000100
0010110000
0010110100
0000000001
0010100000
1000100100
0010011001
0001110000
1010000101
0000000000
0000001101
0011110000
0000000101
0000101000
0010110000
1000000100
0010101101
0010110100
0010110100
0000000000
0010110100
0000111001
1010000100
0000010000
0011110101
0000001000
0000000000
0000000000
0000000000
0000000000
0011010101
0000001000
0000000000
0000000001
1010001001
0000000000
0000000100
0000000000
0000000000
0000000000
0000000000
0000000000
0000000000
0000000000
0000000000
0000000000
0000000000
0000000000
0000000000
0000000000
0000000000
0000000000
0000000000
0000000000
0000000000
0000000000
0000000000
0000000000
0000000000
0000000000
0000000000
0000000000
0000000000
0000000000
0000000000
0000000000
0000000000
0000000000
0000000000
0000000000
0000000000
0000000000
0000000000
0000000000
0000000000
0000000000
0000000000
0000000000
0000000000
0000000000
0000000000
0000000000
0000000000
0000000000
0000000000
0000000000
0000000000
0000000000
0000000000
0000000000
0000000000
0000000000
0000000000
0000000000
0000000000
0000000000
0000000000
0000000000
0000000000
0000000000
0000000000
1000011000
1000111000
1010100100
1000011000
1000111000
1000001000
1010110010
1010011000
1000111100
1010011000
0000011100
1000011000
0000010000
1000111000
0010011001
1000011000
1000111000
1000111000
0000001000
1000011000
1011100000
1000011100
1000111000
1000111000
1010111000
0000001000
1000011001
1000011000
1000111000
0000001000
1000011010
1000111000
0011011000
1000011000
1010111000
0000001000
1000111000
1010000000
1000100100
1010001101
1000111000
1000101000
1000111000
1000111000
0000111000
1000011010
1000000000
1000011000
0000011000
0000001010
0010010000
0000001010
0000001011
1010011000
0000001011
0001001010
1010011000
0010011101
1010100100
1010110100
1000011010
1000011010
0000001010
1000011000
0010001011
1000010010
0000001010
0000001010
1000111000
1000001010
0000001000
0000001010
1000000000
1000011000
0000011000
1000011010
0000011010
1000001010
1000011010
0000001010
0000011000
1000010010
1000011010
1000001000
1000111000
1000011010
1000001010
1000000000
1000110000
0010011000
1001011010
1000011010
0000011010
0000011010
1000001010
0000000010
1000011000
1000000000
1001011000
1000000010
0000001010
0010011000
1010100000
0000000010
0000011000
1001010000
0000011010
1000001000
0000110010
1000011000
0000011000
1000111000
0000011010
0000001010
1011011000
1001111000
1000011000
1010101010
1000001000
1001110000
1000011000
1000011010
0000001010
1000011000
1001001010
0000001000
0001011010
0001011000
1000011000
0001011010
0000011000
1000001001
1000011011
0000010011
0001100000
1000110000
0011110000
1000010000
0001100100
1000010010
0001010100
0011100000
1000000000
1000010000
0000100010
0000000000
0000000000
1000010000
0000000000
0000000000
0000000000
0000000000
0000000000
0000000000
0000000000
0000000000
0000000000
0000000000
0000000000
0000000000
0000000000
0000000000
0000000000
0000000000
0000000000
0000000000
0000000000
0000000000
0000000000
0000000000
0000000000
0000000000
0000000000
0000000000
0000000000
0000000000
0000000000
0000000000
0000000000
0000000000
0000000000
0000000000
0000000000
0000000000
0000000000
0000000000
0000000000
0000000000
0000000000
0000000000
0000000000
0000000000
0000000000
0000000000
0000000000
0000000000
0000000000
0000000000
0000000000
0000000000
0000000000
0000000000
0000000000
0000000000
0000000000
0000000000
0000000000
0000000000
0000000000
