0.000000
-1.064954
-0.956339
-0.826411
-0.881773
-2.137421
-1.520736
-0.814856
-1.221346
-1.239651
-0.361991
-1.370425
-0.814902
-0.486700
-0.582269
-2.484842
-2.180692
-2.107591
-1.868556
-2.586441
-3.202553
-4.118831
-4.868142
-3.835765
-3.421822
-3.276071
-2.860521
-3.886838
-3.186834
-2.991595
-2.395515
-2.997834
-3.691167
-3.120070
-2.838138
-1.868432
-2.013001
-1.441903
-0.751444
-0.960357
-0.940549
-0.692900
-1.775303
-0.917194
-0.412559
-0.779963
-0.526605
-1.072368
-1.693485
-0.683126
-1.746704
-2.576176
-2.647455
-2.762508
-2.984254
-2.684833
-3.271983
-2.765544
-2.843600
-2.818116
-2.961984
-3.011318
-2.970935
-2.840560
-3.724485
-3.773323
-4.082639
-3.902896
-4.087201
-3.927829
-2.491536
-2.567817
-2.711594
-2.499491
-2.246824
-2.136435
-2.901563
-1.954832
-2.233597
-2.089245
-1.560162
-2.798266
-3.068729
-2.901206
-2.839714
-3.444249
-3.145942
-3.240831
-2.941390
-2.924562
-2.914268
-1.704239
-1.227428
-0.412305
-1.226251
-1.462774
-1.739113
-2.247108
-2.653503
-2.226218
-2.759758
-3.222937
-2.589516
-2.742923
-2.925529
-2.393348
-2.156440
-1.630370
-2.853896
-2.770201
-2.089862
-1.952397
-2.175002
-2.061427
-2.908185
-4.009166
-3.807293
-3.192798
-2.453434
-1.310974
-1.170870
-1.082731
-1.204094
-0.544947
0.288349
0.344267
0.161309
0.016235
-0.272435
-0.443045
-0.468541
-0.599930
-0.479944
-0.383955
-0.307164
-0.245731
-0.196585
-0.157268
-0.125814
-0.100652
-0.080521
-0.064417
-0.051534
-0.041227
-0.032981
-0.026385
-0.021108
-0.016887
-0.013509
-0.010807
-0.008646
-0.006917
-0.005533
-0.004427
-0.003541
-0.002833
-0.002266
-0.001813
-0.001451
-0.001160
-0.000928
-0.000743
-0.000594
-0.000475
-0.000380
-0.000304
-0.000243
-0.000195
-0.000156
-0.000125
-0.000100
-0.000080
-0.000064
-0.000051
-0.000041
-0.000033
-0.000026
-0.000021
-0.000017
-0.000013
-0.000011
-0.000009
-0.000007
-0.000005
-0.000004
-0.000004
-0.000003
-0.000002
-0.000002
-0.000001
-0.000001
-0.000001
-0.000001
-0.000001
-0.000000
-0.000000
-0.000000
-0.000000
-0.000000
-0.000000
-0.000000
-0.000000
-0.000000
-0.000000
-0.000000
-0.000000
-0.000000
-0.000000
-0.000000
-0.000000
-0.000000
0.289979
-1.497999
0.991910
1.060779
-1.309280
-0.289383
-2.949642
-1.481456
-1.796469
-0.715761
-1.385259
-3.080181
-1.598860
-4.392358
-3.260122
-1.066452
-0.797572
0.829903
0.564108
-1.839886
-2.622463
-3.703256
-1.342921
0.605808
0.762530
0.505726
-1.205898
0.551707
-0.491554
-1.844810
-1.231128
-0.851717
-0.789031
-1.190317
-2.819003
-3.315303
-1.891253
-2.729739
-1.927561
-0.922597
-1.433000
-2.336334
-4.090157
-2.876109
-2.649263
-2.235784
-1.324993
1.440762
1.371169
-1.115863
-0.932273
-1.868592
-2.447445
-3.387060
-1.674074
-0.662913
-0.621954
-1.239422
-2.456792
-1.459269
-0.223534
-1.275500
-2.856364
-2.775219
-2.883883
-6.232551
-7.154458
-7.325523
-8.147397
-8.655372
-7.838673
-7.768884
-8.758374
-5.928244
-6.502889
-5.934261
-4.339911
-5.676126
-4.798164
-2.278795
-2.486214
-2.721593
-1.407384
-1.672675
-1.370479
-3.152928
-2.501542
-0.505895
0.537513
3.269654
0.526047
0.501576
1.973077
3.211610
2.300307
-2.446932
-1.041569
0.767378
1.463311
0.128529
1.816319
-0.500928
-0.888142
-0.565386
-0.643470
-0.850093
-0.889661
-1.786655
-2.912682
-2.933439
-3.141792
-1.098126
-0.105470
-0.041541
0.362952
-0.087925
0.697728
2.104135
1.900725
2.530979
-0.592152
-0.190221
-2.088183
-0.762782
-0.037587
-0.786895
-0.929185
-1.946738
-1.822257
-1.788806
-1.865010
-0.549103
-0.876046
-1.368471
-2.200260
-2.349340
-2.428834
-2.121527
-2.744272
-2.855404
-2.446622
-1.963719
-1.206494
-0.971617
-0.783715
-0.262491
-0.209993
-0.167994
-0.134395
-0.107516
-0.086013
-0.068810
-0.055048
-0.044039
-0.035231
-0.028185
-0.022548
-0.018038
-0.014431
-0.011544
-0.009236
-0.007388
-0.005911
-0.004729
-0.003783
-0.003026
-0.002421
-0.001937
-0.001549
-0.001240
-0.000992
-0.000793
-0.000635
-0.000508
-0.000406
-0.000325
-0.000260
-0.000208
-0.000166
-0.000133
-0.000106
-0.000085
-0.000068
-0.000055
-0.000044
-0.000035
-0.000028
-0.000022
-0.000018
-0.000014
-0.000011
-0.000009
-0.000007
-0.000006
-0.000005
-0.000004
-0.000003
-0.000002
-0.000002
-0.000002
-0.000001
-0.000001
-0.000001
-0.000001
-0.000001
-0.000000
-0.000000
-0.000000
-0.000000
-0.000000
-0.616563
0.470478
-0.149759
-1.518189
0.042464
1.054295
1.682281
-2.339358
-2.277217
-0.375030
0.745623
-0.532009
-0.914492
0.280406
0.816836
0.873970
-0.326320
0.376914
-1.923760
-3.812067
-4.329498
-3.786563
-4.566976
-3.381584
-3.165442
-0.885065
-2.781927
-3.925039
-5.558555
-5.888769
-6.352836
-3.795089
-3.563707
-3.583040
-3.201834
-2.189211
-0.747623
1.278350
-0.702222
0.047171
-0.226435
-2.562934
-1.770197
-0.930628
-1.354537
-2.545351
-1.126555
-0.439593
-1.752740
-1.019758
-0.690086
0.658835
-2.224622
-1.941769
-2.152259
-1.793405
-2.271705
-1.008394
0.267982
-0.903117
-4.006350
-4.933790
-4.506013
-3.474537
-0.888486
1.473821
-0.769401
-0.860759
-1.575597
-0.772519
-1.692618
-1.605678
-2.503716
-1.210484
-0.648367
0.302805
0.129720
0.223617
1.823908
0.142902
0.249224
2.936948
1.475682
-0.187691
-1.615142
-2.126251
-3.291331
-3.988038
-3.870968
-4.987269
-5.373383
-6.207841
-4.991751
-5.118269
-6.352944
-5.164679
-4.183403
-3.191278
-3.455798
-5.547621
-5.317434
-5.854252
-3.024693
-4.551883
-6.147574
-4.393359
-3.662741
-2.604121
-1.974789
-0.417221
0.195555
-0.456920
-1.774722
-1.548499
-1.891556
-1.232482
-1.044548
-0.347521
-0.625895
-0.566920
1.348810
-0.179744
0.072826
0.262816
2.465298
0.789658
1.586442
1.500431
1.177816
0.199612
0.448396
0.612518
0.335343
-0.209863
-0.689579
-0.737073
-0.868671
-0.708651
-0.859648
-0.390239
-0.646710
-0.517368
-0.427609
-0.625204
-0.769565
-0.885054
-0.708043
-0.566435
-0.722550
-0.847442
-0.677953
-0.811765
-0.649412
-0.519530
-0.685026
-0.817423
-0.653938
-0.523150
-0.418520
-0.334816
-0.267853
-0.214282
-0.171426
-0.137141
-0.109713
-0.087770
-0.070216
-0.056173
-0.044938
-0.035951
-0.028761
-0.023008
-0.018407
-0.014725
-0.011780
-0.009424
-0.007539
-0.006032
-0.004825
-0.003860
-0.003088
-0.002471
-0.001976
-0.001581
-0.001265
-0.001012
-0.000810
-0.000648
-0.000518
-0.000414
-0.000332
-0.000265
-0.000212
-0.000170
-0.000136
-0.000109
-0.000087
-0.000070
-0.000056
-0.000045
-0.000036
-0.000028
-0.000023
-0.000018
-0.000015
-0.000012
-0.000009
-0.000007
-0.000006
-0.000005
2.177421
1.512824
2.149062
0.520910
3.117143
1.846946
1.180287
2.018712
0.310485
-0.412145
0.604533
2.865604
3.116644
0.363622
0.592775
-0.089286
2.839199
0.881173
1.314764
-0.364190
0.301616
0.325235
1.609044
1.762782
-1.125671
-1.349890
-0.618930
-1.457487
-0.886628
2.099594
2.249248
-0.565097
-0.298443
-0.921100
1.283559
-0.934392
0.641144
3.091988
-0.921216
1.734766
1.391744
2.643433
1.999224
1.080869
1.448401
0.436936
2.411901
1.448095
-0.200241
-0.678474
0.526453
-0.099412
-0.388539
-2.396453
-1.084633
0.431135
-0.441088
0.898583
0.766637
0.031636
0.618092
1.327379
0.201632
0.033485
-0.655057
0.209047
-1.094620
-0.861151
-1.738651
-1.750251
-2.268839
-1.574161
-2.667122
-2.339784
-3.530241
-3.904581
-3.409833
-1.970663
-1.019726
-1.091395
-1.585972
-1.617449
-0.598088
0.358016
-0.445299
-0.402181
-0.848468
-0.156167
-0.471341
-0.215142
1.097116
0.674011
0.912384
2.022356
-0.158364
-0.569610
-1.384967
-0.914971
-0.117243
0.172870
-0.480373
0.406205
1.134225
-0.005569
0.248999
-0.154065
1.633216
0.783713
0.880649
0.419378
1.173176
1.622082
1.431867
-1.640930
-2.422184
-1.763934
-0.978465
-0.336741
-1.225290
-1.150116
-0.671649
-1.829988
-1.972148
-1.259035
-1.924410
-1.786720
-1.937722
-2.270855
-1.829007
-1.356886
-1.610475
-1.083034
-0.534890
-0.441318
-0.566037
-0.976256
-0.001307
-0.013428
-0.023125
0.387445
0.309956
0.651357
0.102758
0.485598
0.791871
1.036889
1.232903
0.403392
0.726106
0.984277
1.190814
0.000000
0.000000
0.000000
0.000000
0.000000
0.000000
0.000000
0.000000
0.000000
0.000000
0.000000
0.000000
0.000000
0.000000
0.000000
0.000000
0.000000
0.000000
0.000000
0.000000
0.000000
0.000000
0.000000
0.000000
0.000000
0.000000
0.000000
0.000000
0.000000
0.000000
0.000000
0.000000
0.000000
0.000000
0.000000
0.000000
0.000000
0.000000
0.000000
0.000000
0.000000
0.000000
0.000000
0.000000
0.000000
0.000000
0.000000
0.000000
0.000000
0.000000
0.000000
0.000000
0.000000
0.000000
0.000000
0.000000
0.000000
0.000000
0.000000
-1.318682
-1.928628
-2.491114
-4.646768
-4.684437
-5.469778
-5.642240
-5.372809
-3.403342
-3.174136
-4.256477
-4.240135
-4.080923
-4.156987
-4.535448
-5.035770
-4.207868
-3.770783
-5.418923
-5.336524
-4.760581
-4.447943
-4.919134
-5.089794
-6.289540
-6.197834
-3.927199
-4.219698
-4.835462
-4.026422
-3.624933
-3.340670
-4.452875
-4.021153
-4.321862
-5.569081
-4.914207
-3.736806
-3.041561
-3.460699
-5.165689
-5.170014
-6.939368
-5.983150
-5.494955
-4.756362
-5.047456
-5.569496
-4.614498
-5.675583
-3.672959
-4.695419
-6.009333
-7.314801
-7.055961
-5.895355
-3.937225
-4.622276
-3.881403
-2.527951
-2.443993
-2.685928
-2.965955
-3.860880
-5.177134
-4.136649
-3.952801
-2.060557
-2.263559
-0.548199
0.025085
-1.300061
-0.030364
-0.476896
-0.109826
-0.164249
-0.934127
-1.989014
-2.289405
-2.109392
-2.583785
-1.544602
-1.548827
-1.641076
-1.957524
-0.912575
-1.164308
-1.665190
-0.340284
0.034123
-0.793951
-0.660420
-0.262463
-2.385187
-2.496648
-2.431018
-2.605366
-3.876410
-4.106291
-2.131699
-2.388408
-2.650425
-2.627369
-0.570749
0.142047
0.141047
-1.206424
-4.034295
-4.786901
-4.604161
-3.803463
-4.531858
-4.800667
-2.894740
-3.005964
-2.227262
-2.495709
-2.727348
-3.655963
-4.309452
-4.620621
-3.626422
-4.075557
-4.329050
-4.667650
-4.217424
-4.539872
-4.734920
-5.560786
-5.432378
-4.466266
-3.154017
-3.690690
-4.266020
-4.660569
-5.160280
-5.144554
-3.636328
-4.464055
-4.396514
-4.173708
-3.507740
-2.604063
-2.083251
-1.768323
-1.718511
-1.476532
-0.979096
-0.885000
-1.011852
-0.809482
-0.647585
-0.518068
-0.414455
-0.331564
-0.265251
-0.212201
-0.169761
-0.135809
-0.108647
-0.086917
-0.069534
-0.055627
-0.044502
-0.035601
-0.028481
-0.022785
-0.018228
-0.014582
-0.011666
-0.009333
-0.007466
-0.005973
-0.004778
-0.003823
-0.003058
-0.002447
-0.001957
-0.001566
-0.001253
-0.001002
-0.000802
-0.000641
-0.000513
-0.000410
-0.000328
-0.000263
-0.000210
-0.000168
-0.000134
-0.000108
-0.000086
-0.000069
-0.000055
-0.000044
-0.000035
-0.000028
-0.000023
-0.000018
-0.000014
-0.000012
-0.000009
-0.000007
-0.000006
-0.000005
-0.000004
-0.000003
-0.000002
-0.000002
-0.000002
0.522784
0.120990
1.211162
0.535865
1.957213
1.059896
1.339652
0.755013
0.513434
0.500291
0.210791
1.087327
2.190898
0.005691
-0.200766
0.149805
1.056773
1.120394
0.206579
1.545870
1.257104
0.243023
-0.139541
1.980557
0.319482
1.672442
1.483315
-0.274833
0.265643
0.975725
0.536976
0.010853
-0.262467
0.183463
1.550053
-0.012410
0.948066
-0.023789
0.726917
1.482093
0.213350
-1.065956
-0.916827
-0.615760
-0.847895
1.119889
-1.024018
-0.245601
-0.356703
1.663995
0.011794
1.362958
0.557011
-0.374759
0.548552
1.041435
1.704131
0.153719
3.098276
1.244016
0.541458
1.948899
-0.549075
1.855348
1.000686
0.892261
0.999508
1.517642
1.095587
0.899291
1.531509
-0.176055
1.170361
1.028515
1.832411
0.653994
1.014124
2.119790
1.180218
0.294768
1.585018
0.606185
0.007513
1.052107
2.694447
0.959530
1.528958
0.901631
1.669421
1.476633
0.926666
0.519678
0.009619
0.875371
0.896384
2.637911
-0.054010
0.767109
1.499109
0.941160
1.537187
1.030616
1.292090
1.142320
-0.268618
0.102814
1.144715
1.438943
1.233988
0.360901
-0.151046
1.528137
-0.290195
-0.106806
1.272627
1.134575
0.058440
-0.230514
0.203891
0.096142
0.875217
1.431122
0.414424
1.156200
0.260477
0.911152
0.883395
1.312084
-0.049665
1.257369
0.416249
-0.057536
-0.246202
0.167520
0.785919
0.521783
-0.054008
-0.514640
-0.883146
-0.654749
-0.995233
-1.267621
-1.014097
-0.811277
-0.649022
-0.519217
-0.415374
-0.332299
-0.265839
-0.212672
-0.170137
-0.136110
-0.108888
-0.087110
-0.069688
-0.055751
-0.044600
-0.035680
-0.028544
-0.022835
-0.018268
-0.014615
-0.011692
-0.009353
-0.007483
-0.005986
-0.004789
-0.003831
-0.003065
-0.002452
-0.001962
-0.001569
-0.001255
-0.001004
-0.000803
-0.000643
-0.000514
-0.000411
-0.000329
-0.000263
-0.000211
-0.000168
-0.000135
-0.000108
-0.000086
-0.000069
-0.000055
-0.000044
-0.000035
-0.000028
-0.000023
-0.000018
-0.000014
-0.000012
-0.000009
-0.000007
-0.000006
-0.000005
-0.000004
-0.000003
-0.000002
-0.000002
-0.000002
-0.000001
-0.000001
-0.000001
-0.000001
-0.000001
-0.000000
-0.000000
1.023681
0.217713
-0.943163
-0.250813
-0.938912
-1.674170
-3.126279
-3.849445
-3.185869
-4.484432
-5.424941
-5.921556
-5.700575
-7.881665
-6.465439
-4.983424
-5.983571
-3.894731
-4.129634
-5.514850
-5.801512
-6.753889
-5.492417
-5.075952
-6.007496
-6.295587
-6.607027
-5.400284
-2.528187
-3.326810
-3.412738
-7.626847
-7.727596
-5.463368
-3.823303
-3.072475
-1.068124
-0.708565
-1.765523
-1.245821
-1.296018
-0.848700
-0.192983
-1.655195
-1.409947
-1.599200
-1.278138
-1.588037
-1.623391
-1.877716
-2.512906
-2.685172
-3.251710
-2.728232
-2.455905
-1.883984
-1.610995
-1.998924
-1.360786
-0.438133
-0.086369
0.160997
0.532190
1.426557
0.597413
0.710575
0.203692
0.568899
1.052532
1.247971
0.405945
0.922169
0.929202
0.743362
0.594689
0.475752
0.380601
0.304481
0.243585
0.194868
0.155894
0.124715
0.099772
0.079818
0.063854
0.051083
0.040867
0.032693
0.026155
0.020924
0.016739
0.013391
0.010713
0.008570
0.006856
0.005485
0.004388
0.003510
0.002808
0.002247
0.001797
0.001438
0.001150
0.000920
0.000736
0.000589
0.000471
0.000377
0.000302
0.000241
0.000193
0.000154
0.000124
0.000099
0.000079
0.000063
0.000051
0.000040
0.000032
0.000026
0.000021
0.000017
0.000013
0.000011
0.000008
0.000007
0.000005
0.000004
0.000003
0.000003
0.000002
0.000002
0.000001
0.000001
0.000001
0.000001
0.000001
0.000000
0.000000
0.000000
0.000000
0.000000
0.000000
0.000000
0.000000
0.000000
0.000000
0.000000
0.000000
0.000000
0.000000
0.000000
0.000000
0.000000
0.000000
0.000000
0.000000
0.000000
0.000000
0.000000
0.000000
0.000000
0.000000
0.000000
0.000000
0.000000
0.000000
0.000000
0.000000
0.000000
0.000000
0.000000
0.000000
0.000000
0.000000
0.000000
0.000000
0.000000
0.000000
0.000000
0.000000
0.000000
0.000000
0.000000
0.000000
0.000000
0.000000
0.000000
0.000000
0.000000
0.000000
0.000000
0.000000
0.000000
0.000000
0.000000
0.000000
0.000000
0.000000
0.000000
0.000000
0.000000
0.000000
0.000000
0.000000
0.000000
0.000000
0.000000
0.000000
0.000000
-0.510483
-0.055915
-0.906681
-1.665990
-0.932925
-0.297025
1.230698
-0.091003
-0.915337
-0.581636
0.075687
0.789455
-0.319312
-0.258671
-1.266558
-1.202417
-1.700721
-1.416436
-2.187131
-1.529514
-1.567978
-1.317281
-1.893860
-2.385862
-1.287692
-0.365821
-0.673901
-0.718129
-2.045417
-1.486218
-1.126126
-1.988435
-0.766635
-0.720109
-0.918739
-1.027493
-0.289266
-0.931381
0.662454
-0.119994
0.354779
-1.484571
-1.863506
-2.191432
-2.441360
-1.717813
-0.500866
-0.205486
-0.948086
-1.557249
-1.574547
-1.205735
-1.554795
-1.189934
-1.272752
-1.835137
-1.144805
-0.592540
-1.021565
-1.364786
-1.091829
-0.873463
-0.698770
-0.559016
-0.447213
-0.357770
-0.286216
-0.228973
-0.183178
-0.146543
-0.117234
-0.093787
-0.075030
-0.060024
-0.048019
-0.038415
-0.030732
-0.024586
-0.019669
-0.015735
-0.012588
-0.010070
-0.008056
-0.006445
-0.005156
-0.004125
-0.003300
-0.002640
-0.002112
-0.001690
-0.001352
-0.001081
-0.000865
-0.000692
-0.000554
-0.000443
-0.000354
-0.000283
-0.000227
-0.000181
-0.000145
-0.000116
-0.000093
-0.000074
-0.000059
-0.000048
-0.000038
-0.000030
-0.000024
-0.000019
-0.000016
-0.000012
-0.000010
-0.000008
-0.000006
-0.000005
-0.000004
-0.000003
-0.000003
-0.000002
-0.000002
-0.000001
-0.000001
-0.000001
-0.000001
-0.000001
-0.000000
-0.000000
-0.000000
-0.000000
-0.000000
-0.000000
-0.000000
-0.000000
-0.000000
-0.000000
-0.000000
-0.000000
-0.000000
-0.000000
-0.000000
-0.000000
-0.000000
-0.000000
-0.000000
-0.000000
-0.000000
-0.000000
-0.000000
-0.000000
-0.000000
-0.000000
-0.000000
-0.000000
-0.000000
-0.000000
-0.000000
-0.000000
-0.000000
-0.000000
-0.000000
-0.000000
-0.000000
-0.000000
-0.000000
-0.000000
-0.000000
-0.000000
-0.000000
-0.000000
-0.000000
-0.000000
-0.000000
-0.000000
-0.000000
-0.000000
-0.000000
-0.000000
-0.000000
-0.000000
-0.000000
-0.000000
-0.000000
-0.000000
-0.000000
-0.000000
-0.000000
-0.000000
-0.000000
-0.000000
-0.000000
-0.000000
-0.000000
-0.000000
-0.000000
-0.000000
-0.000000
-0.000000
-0.000000
-0.000000
-0.000000
-0.000000
-0.000000
-0.000000
-0.000000
-0.000000
-0.000000
-0.000000
-0.000000
-0.000000
-0.959404
-1.349487
-0.490796
-2.307962
-0.825164
0.099229
-0.864784
-1.579898
-0.705689
-2.620875
-1.088887
0.885451
0.745047
2.648385
-0.652789
-0.716813
1.241891
1.630528
-2.214453
-2.606517
-1.625771
0.163453
0.566699
-0.548369
-0.381681
-0.946076
-0.678791
-0.821459
-2.628426
-2.016286
-1.251405
-2.454563
-3.283246
-4.542123
-4.531439
-5.235288
-5.034034
-4.966558
-4.044039
-4.467714
-4.961866
-1.899177
-1.848015
-1.850175
-0.135159
-0.809993
-1.969245
-4.000772
-4.642309
-4.478876
-4.595167
-4.023974
-4.463029
-3.705318
-2.664786
-3.242501
-3.071577
-4.207315
-3.760247
-4.862656
-4.802526
-4.134933
-3.977346
-4.752023
-3.694217
-2.192473
-2.691327
-2.529348
-2.971320
-3.560868
-3.947096
-3.092625
-2.313544
-2.408363
-2.385820
-3.433230
-2.077769
-1.731368
-0.772275
-0.899171
-1.049481
-1.824567
-1.966998
-2.406545
-2.072563
-1.136972
-1.775014
-2.606106
-3.076861
-2.339496
-2.731439
-2.290161
-3.185940
-1.979364
-2.473795
-3.199260
-3.498456
-4.617732
-3.683647
-2.806337
-2.709993
-3.947136
-3.783798
-3.704440
-4.428306
-4.166042
-3.919196
-4.140484
-3.472526
-4.137109
-4.680724
-4.548292
-4.706377
-3.823912
-3.140786
-2.122486
-2.268573
-2.298855
-1.990729
-1.659823
-1.123189
-2.144141
-0.047391
-0.645065
-2.377289
-2.519967
-3.508877
-4.051722
-4.312946
-4.743788
-5.520411
-5.963667
-5.890095
-5.719183
-5.289132
-5.056653
-4.919462
-4.172334
-3.297136
-3.474594
-3.616560
-3.951037
-4.571264
-4.728960
-4.135812
-3.661294
-3.281680
-2.625344
-2.100275
-1.680220
-1.344176
-1.075341
-0.860273
-0.688218
-0.550575
-0.440460
-0.352368
-0.281894
-0.225515
-0.180412
-0.144330
-0.115464
-0.092371
-0.073897
-0.059118
-0.047294
-0.037835
-0.030268
-0.024215
-0.019372
-0.015497
-0.012398
-0.009918
-0.007935
-0.006348
-0.005078
-0.004063
-0.003250
-0.002600
-0.002080
-0.001664
-0.001331
-0.001065
-0.000852
-0.000682
-0.000545
-0.000436
-0.000349
-0.000279
-0.000223
-0.000179
-0.000143
-0.000114
-0.000091
-0.000073
-0.000059
-0.000047
-0.000037
-0.000030
-0.000024
-0.000019
-0.000015
-0.000012
-0.000010
-0.000008
-0.000006
-0.000005
-0.000004
-0.000003
-0.000003
-0.957800
-4.226271
-6.406909
-5.296997
-4.521068
-3.354210
-4.219630
-6.656939
-5.877367
-5.883110
-6.272453
-6.859473
-7.152028
-8.658576
-10.265997
-9.502738
-10.862473
-9.113262
-10.830751
-11.449280
-11.731712
-12.011923
-12.422165
-9.691023
-9.216746
-10.337683
-9.926267
-8.586863
-9.243252
-7.842350
-7.503402
-8.062542
-7.987796
-6.269260
-8.111209
-8.715693
-9.186573
-7.382980
-8.941032
-5.908899
-6.265062
-6.685781
-7.701729
-6.793700
-6.526110
-7.384953
-9.618998
-10.211564
-9.887289
-11.244390
-10.106600
-10.115687
-10.879623
-11.201253
-10.842821
-11.009145
-11.083085
-9.265448
-10.458593
-10.905859
-11.078074
-10.010644
-11.136740
-11.152789
-10.596952
-8.834671
-10.168711
-9.789074
-8.552979
-8.572674
-8.042349
-7.447048
-8.182699
-8.816501
-5.833311
-5.840687
-6.772267
-8.391312
-8.692578
-7.629433
-6.639661
-7.517890
-8.152523
-8.613592
-7.776896
-8.923077
-9.871671
-8.799931
-8.209599
-6.840793
-7.596261
-8.480239
-8.135928
-6.559164
-7.039138
-7.550996
-6.332232
-6.660509
-6.616133
-4.601800
-5.590721
-7.070097
-7.631845
-7.286179
-8.479607
-8.953059
-8.156015
-9.757868
-8.678861
-8.960115
-7.659125
-7.939992
-9.515141
-11.498373
-10.533092
-9.426274
-10.914846
-7.614967
-5.229036
-3.671382
-3.478624
-2.167758
-3.263812
-2.094571
-2.880804
-4.384731
-2.634426
-1.138497
-1.694845
-2.047610
-2.145631
1.118444
0.175093
1.236918
-0.602103
-1.214791
-0.552992
1.489223
1.012510
2.017576
0.316672
0.920598
0.579919
1.260566
0.455432
-0.211297
0.049517
-0.269942
-0.525510
-0.729964
-0.583971
-0.467177
-0.373741
-0.298993
-0.239194
-0.191356
-0.153084
-0.122468
-0.097974
-0.078379
-0.062703
-0.050163
-0.040130
-0.032104
-0.025683
-0.020547
-0.016437
-0.013150
-0.010520
-0.008416
-0.006733
-0.005386
-0.004309
-0.003447
-0.002758
-0.002206
-0.001765
-0.001412
-0.001130
-0.000904
-0.000723
-0.000578
-0.000463
-0.000370
-0.000296
-0.000237
-0.000190
-0.000152
-0.000121
-0.000097
-0.000078
-0.000062
-0.000050
-0.000040
-0.000032
-0.000025
-0.000020
-0.000016
-0.000013
-0.000010
-0.000008
-0.000007
-0.000005
-0.000004
-0.000003
-0.000003
-0.000002
-0.000002
-0.000001
